26
-1,39,-1,-1,-1,-1,-1,-1,-1,-1,-1,-1,-1,-1,-1,-1,-1,-1,-1,-1,-1,57,18,-1,-1,-1
39,-1,-1,-1,-1,-1,-1,-1,-1,-1,-1,-1,-1,-1,94,-1,-1,-1,-1,-1,-1,74,86,-1,-1,-1
-1,-1,-1,86,-1,-1,-1,-1,-1,-1,52,-1,51,-1,-1,33,-1,-1,-1,-1,-1,-1,-1,-1,-1,-1
-1,-1,86,-1,-1,-1,-1,-1,-1,-1,82,31,-1,-1,-1,-1,-1,51,-1,-1,-1,-1,-1,-1,-1,-1
-1,-1,-1,-1,-1,81,-1,78,20,39,-1,-1,-1,-1,-1,-1,-1,-1,-1,-1,-1,-1,-1,-1,-1,-1
-1,-1,-1,-1,81,-1,-1,48,-1,-1,-1,-1,-1,-1,-1,-1,81,-1,83,-1,-1,-1,-1,-1,-1,-1
-1,-1,-1,-1,-1,-1,-1,-1,-1,-1,-1,-1,-1,18,-1,-1,-1,-1,-1,-1,92,-1,-1,-1,-1,-1
-1,-1,-1,-1,78,48,-1,-1,63,35,-1,-1,-1,-1,-1,-1,-1,-1,-1,-1,-1,-1,-1,-1,-1,-1
-1,-1,-1,-1,20,-1,-1,63,-1,95,-1,-1,-1,-1,-1,-1,75,-1,-1,-1,-1,-1,-1,-1,-1,-1
-1,-1,-1,-1,39,-1,-1,35,95,-1,-1,-1,-1,-1,-1,-1,48,-1,-1,-1,-1,-1,-1,-1,-1,-1
-1,-1,52,82,-1,-1,-1,-1,-1,-1,-1,-1,-1,-1,-1,-1,-1,64,-1,-1,-1,-1,-1,-1,73,-1
-1,-1,-1,31,-1,-1,-1,-1,-1,-1,-1,-1,-1,-1,-1,-1,-1,81,-1,-1,-1,-1,-1,44,97,-1
-1,-1,51,-1,-1,-1,-1,-1,-1,-1,-1,-1,-1,28,-1,14,-1,-1,-1,-1,32,-1,-1,-1,-1,-1
-1,-1,-1,-1,-1,-1,18,-1,-1,-1,-1,-1,28,-1,-1,33,-1,-1,-1,-1,59,-1,-1,-1,-1,-1
-1,94,-1,-1,-1,-1,-1,-1,-1,-1,-1,-1,-1,-1,-1,-1,-1,-1,-1,74,-1,33,-1,-1,-1,50
-1,-1,33,-1,-1,-1,-1,-1,-1,-1,-1,-1,14,33,-1,-1,50,-1,-1,-1,-1,-1,-1,-1,-1,-1
-1,-1,-1,-1,-1,81,-1,-1,75,48,-1,-1,-1,-1,-1,50,-1,-1,-1,-1,-1,-1,-1,-1,-1,-1
-1,-1,-1,51,-1,-1,-1,-1,-1,-1,64,81,-1,-1,-1,-1,-1,-1,-1,-1,-1,-1,-1,74,-1,-1
-1,-1,-1,-1,-1,83,-1,-1,-1,-1,-1,-1,-1,-1,-1,-1,-1,-1,-1,-1,-1,-1,-1,87,32,-1
-1,-1,-1,-1,-1,-1,-1,-1,-1,-1,-1,-1,-1,-1,74,-1,-1,-1,-1,-1,-1,-1,-1,79,-1,38
-1,-1,-1,-1,-1,-1,92,-1,-1,-1,-1,-1,32,59,-1,-1,-1,-1,-1,-1,-1,-1,-1,-1,-1,-1
57,74,-1,-1,-1,-1,-1,-1,-1,-1,-1,-1,-1,-1,33,-1,-1,-1,-1,-1,-1,-1,26,-1,-1,-1
18,86,-1,-1,-1,-1,-1,-1,-1,-1,-1,-1,-1,-1,-1,-1,-1,-1,-1,-1,-1,26,-1,-1,-1,62
-1,-1,-1,-1,-1,-1,-1,-1,-1,-1,-1,44,-1,-1,-1,-1,-1,74,87,79,-1,-1,-1,-1,-1,-1
-1,-1,-1,-1,-1,-1,-1,-1,-1,-1,73,97,-1,-1,-1,-1,-1,-1,32,-1,-1,-1,-1,-1,-1,-1
-1,-1,-1,-1,-1,-1,-1,-1,-1,-1,-1,-1,-1,-1,50,-1,-1,-1,-1,38,-1,-1,62,-1,-1,-1
G B